64
0 1
0 2
0 3
0 24
1 2
1 3
1 25
2 3
2 34
3 35
4 5
4 6
4 7
4 24
5 6
5 7
5 25
6 7
6 44
7 45
8 9
8 10
8 11
8 24
9 10
9 11
9 25
10 11
10 54
11 55
12 13
12 14
12 15
12 34
13 14
13 15
13 35
14 15
14 44
15 45
16 17
16 18
16 19
16 34
17 18
17 19
17 35
18 19
18 54
19 55
20 21
20 22
20 23
20 44
21 22
21 23
21 45
22 23
22 54
23 55
24 25
24 26
24 27
24 28
24 29
24 30
24 31
24 32
24 33
25 26
25 27
25 28
25 29
25 30
25 31
25 32
25 33
26 27
26 28
26 29
26 30
26 31
26 32
26 33
27 28
27 29
27 30
27 31
27 32
27 33
28 29
28 30
28 31
28 32
28 33
29 30
29 31
29 32
29 33
30 31
30 32
30 33
31 32
31 33
32 33
34 35
34 36
34 37
34 38
34 39
34 40
34 41
34 42
34 43
35 36
35 37
35 38
35 39
35 40
35 41
35 42
35 43
36 37
36 38
36 39
36 40
36 41
36 42
36 43
37 38
37 39
37 40
37 41
37 42
37 43
38 39
38 40
38 41
38 42
38 43
39 40
39 41
39 42
39 43
40 41
40 42
40 43
41 42
41 43
42 43
44 45
44 46
44 47
44 48
44 49
44 50
44 51
44 52
44 53
45 46
45 47
45 48
45 49
45 50
45 51
45 52
45 53
46 47
46 48
46 49
46 50
46 51
46 52
46 53
47 48
47 49
47 50
47 51
47 52
47 53
48 49
48 50
48 51
48 52
48 53
49 50
49 51
49 52
49 53
50 51
50 52
50 53
51 52
51 53
52 53
54 55
54 56
54 57
54 58
54 59
54 60
54 61
54 62
54 63
55 56
55 57
55 58
55 59
55 60
55 61
55 62
55 63
56 57
56 58
56 59
56 60
56 61
56 62
56 63
57 58
57 59
57 60
57 61
57 62
57 63
58 59
58 60
58 61
58 62
58 63
59 60
59 61
59 62
59 63
60 61
60 62
60 63
61 62
61 63
62 63
