64
0 1
0 2
0 3
0 24
1 2
1 3
1 25
2 3
2 34
3 35
4 5
4 6
4 7
4 24
5 6
5 7
5 25
6 7
6 44
7 45
8 9
8 10
8 11
8 24
9 10
9 11
9 25
10 11
10 54
11 55
12 13
12 14
12 15
12 34
13 14
13 15
13 35
14 15
14 44
15 45
16 17
16 18
16 19
16 34
17 18
17 19
17 35
18 19
18 54
19 55
20 21
20 22
20 23
20 44
21 22
21 23
21 45
22 23
22 54
23 55
24 25
24 26
24 27
24 28
24 29
24 30
24 31
24 32
24 33
25 26
25 27
25 28
25 29
25 30
25 31
25 32
25 33
26 27
26 28
26 29
26 30
26 31
26 32
26 33
27 28
27 29
27 30
27 31
27 32
27 33
28 29
28 30
28 31
28 32
28 33
29 30
29 31
29 32
29 33
30 31
30 32
30 33
31 32
31 33
32 33
34 35
34 36
34 37
34 38
34 39
34 40
34 41
34 42
34 43
35 36
35 37
35 38
35 39
35 40
35 41
35 42
35 43
36 37
36 38
36 39
36 40
36 41
36 42
36 43
37 38
37 39
37 40
37 41
37 42
37 43
38 39
38 40
38 41
38 42
38 43
39 40
39 41
39 42
39 43
40 41
40 42
40 43
41 42
41 43
42 43
44 45
44 46
44 47
44 48
44 49
44 50
44 51
44 52
44 53
45 46
45 47
45 48
45 49
45 50
45 51
45 52
45 53
46 47
46 48
46 49
46 50
46 51
46 52
46 53
47 48
47 49
47 50
47 51
47 52
47 53
48 49
48 50
48 51
48 52
48 53
49 50
49 51
49 52
49 53
50 51
50 52
50 53
51 52
51 53
52 53
54 55
54 56
54 57
54 58
54 59
54 60
54 61
54 62
54 63
55 56
55 57
55 58
55 59
55 60
55 61
55 62
55 63
56 57
56 58
56 59
56 60
56 61
56 62
56 63
57 58
57 59
57 60
57 61
57 62
57 63
58 59
58 60
58 61
58 62
58 63
59 60
59 61
59 62
59 63
60 61
60 62
60 63
61 62
61 63
62 63

0 0.0918266427332636 -0.6784108922233449
1 0.0393081966383875 -0.7159411402997737
2 0.32386018820372353 -0.673849443606686
3 0.30908561546949737 -0.7505734609286462
4 -0.5903944114695948 -0.2698750423050083
5 -0.6627607209710831 -0.2973801918237179
6 -0.7654464893539313 -0.08976891773719874
7 -0.6987717532920261 -0.04852030985261269
8 0.012312383881214431 -0.0067996823732803914
9 -0.049241120599696674 0.016885462387702593
10 0.173829344473309 0.31232078295168075
11 0.10832659781211978 0.33607292439003567
12 0.18265994167426713 -0.20479503858548567
13 0.14334471680662422 -0.26008431123996184
14 -0.193775737964761 -0.05723761415524789
15 -0.16771129378852764 0.00500560308507969
16 0.6987356056226809 -0.00686788108746417
17 0.6370950866064539 -0.03819521842061579
18 0.6283617221883927 0.30945809801132573
19 0.5583828792284887 0.3079640350044435
20 -0.35564346335496716 0.5774632376589361
21 -0.3468209868944258 0.6462712947329897
22 -0.05787165957403255 0.7070885230736325
23 -0.10311880940759927 0.7640321344886962
24 -0.25759670381934197 -0.48609565032471724
25 -0.3080176145916199 -0.4734828542255488
26 -0.4559980599821959 -0.636252485640644
27 -0.4370446677451168 -0.5826220036040863
28 -0.4278901979562239 -0.683805075411761
29 -0.3489420349513046 -0.6346690428047306
30 -0.37769502228176016 -0.7056396576767502
31 -0.2891145156640577 -0.6444570711727936
32 -0.3213319607262419 -0.7082825323941309
33 -0.3737111368351992 -0.5802741239410159
34 0.6371698366058837 -0.48116538858841834
35 0.6014218565463086 -0.5229679477144176
36 0.6991775025855456 -0.6853880256592846
37 0.7457266419830269 -0.6093059618409631
38 0.8303687936828729 -0.645231545649188
39 0.755363158721122 -0.6732486735360037
40 0.7972692670702709 -0.5684017316620629
41 0.8518431115502066 -0.593869496328903
42 0.8249750662873979 -0.6993939923011993
43 0.7604152566434385 -0.7295071230095054
44 -0.6527434826655065 0.25736812678836346
45 -0.6261400734365344 0.30835048241210516
46 -0.7684903518900914 0.35528963372190203
47 -0.8950061062725732 0.34605768108260115
48 -0.8156823385457815 0.3007518146842974
49 -0.8718938771675991 0.29173389117037457
50 -0.7686251313458093 0.4297366808018869
51 -0.8293359241168049 0.3814529885391345
52 -0.8848859074849664 0.41040677589892505
53 -0.828106255809947 0.4514287666841527
54 0.3720338251586294 0.7224747089952821
55 0.32137748359856855 0.7421509349500648
56 0.4920383365395984 0.8716387692653641
57 0.4111287339717751 1.0
58 0.35296560544167815 0.9082188815263197
59 0.4291437297135253 0.8737976959544018
60 0.47277372396914447 0.9736511429675175
61 0.3489508796020157 0.9726743947434009
62 0.41256616422202075 0.9367771084942987
63 0.5059699147278675 0.9258369536602542
