0 0
1 2
2 0
3 0
4 0
5 0
6 0
7 0
8 2
9 0
10 0
11 2
12 0
13 0
14 0
15 2
16 0
17 2
18 0
19 0
20 2
21 0
22 0
23 2
24 0
25 0
26 0
27 0
28 0
29 0
30 0
31 0
32 0
33 2
34 0
35 0
36 0
37 0
38 0
39 0
40 0
41 0
42 0
43 0
44 0
45 2
46 0
47 0
48 0
49 0
50 0
51 0
52 0
53 0
54 0
55 0
56 0
57 0
58 2
59 0
60 0
61 0
62 0
63 0

0 0
1 2
2 0
3 0
4 0
5 0
6 0
7 0
8 2
9 0
10 0
11 2
12 0
13 0
14 0
15 2
16 0
17 2
18 0
19 0
20 2
21 0
22 0
23 2
24 0
25 0
26 0
27 0
28 0
29 0
30 0
31 0
32 0
33 2
34 0
35 0
36 0
37 0
38 0
39 0
40 0
41 0
42 0
43 0
44 0
45 2
46 0
47 0
48 0
49 0
50 0
51 0
52 0
53 0
54 0
55 0
56 0
57 0
58 2
59 0
60 0
61 0
62 0
63 0

0 0
1 2
2 0
3 0
4 0
5 0
6 0
7 0
8 2
9 0
10 0
11 2
12 0
13 0
14 0
15 2
16 0
17 2
18 0
19 0
20 2
21 0
22 0
23 2
24 0
25 0
26 0
27 0
28 0
29 0
30 0
31 0
32 0
33 2
34 0
35 0
36 0
37 0
38 0
39 0
40 0
41 0
42 0
43 0
44 0
45 2
46 0
47 0
48 0
49 0
50 0
51 0
52 0
53 0
54 0
55 0
56 0
57 0
58 2
59 0
60 0
61 0
62 0
63 0

0 0
1 2
2 0
3 0
4 0
5 0
6 0
7 0
8 2
9 0
10 0
11 2
12 0
13 1
14 1
15 2
16 0
17 2
18 0
19 0
20 2
21 0
22 0
23 2
24 0
25 0
26 0
27 0
28 0
29 0
30 0
31 0
32 0
33 2
34 0
35 0
36 0
37 0
38 0
39 0
40 0
41 0
42 0
43 0
44 0
45 2
46 0
47 0
48 0
49 0
50 0
51 0
52 0
53 0
54 1
55 0
56 0
57 0
58 2
59 0
60 0
61 0
62 0
63 0

0 0
1 2
2 0
3 0
4 0
5 0
6 0
7 0
8 2
9 0
10 0
11 2
12 0
13 1
14 1
15 2
16 0
17 2
18 0
19 0
20 2
21 0
22 0
23 2
24 0
25 0
26 0
27 0
28 0
29 0
30 0
31 0
32 0
33 2
34 0
35 0
36 0
37 0
38 0
39 0
40 0
41 0
42 0
43 0
44 0
45 2
46 0
47 0
48 0
49 0
50 0
51 0
52 0
53 0
54 1
55 0
56 0
57 0
58 2
59 0
60 0
61 1
62 0
63 0

0 0
1 2
2 0
3 0
4 0
5 0
6 0
7 0
8 2
9 1
10 0
11 2
12 0
13 1
14 1
15 2
16 0
17 2
18 0
19 0
20 2
21 0
22 0
23 2
24 0
25 0
26 0
27 0
28 0
29 0
30 0
31 0
32 0
33 2
34 0
35 0
36 0
37 0
38 0
39 0
40 0
41 0
42 0
43 0
44 1
45 2
46 0
47 0
48 0
49 0
50 0
51 0
52 0
53 0
54 1
55 0
56 0
57 0
58 2
59 0
60 0
61 1
62 0
63 0

0 0
1 2
2 0
3 0
4 0
5 0
6 0
7 1
8 2
9 1
10 0
11 2
12 0
13 1
14 1
15 2
16 0
17 2
18 0
19 0
20 2
21 0
22 0
23 2
24 1
25 1
26 0
27 0
28 0
29 0
30 0
31 0
32 0
33 2
34 0
35 0
36 0
37 0
38 0
39 0
40 0
41 0
42 0
43 0
44 1
45 2
46 0
47 0
48 0
49 0
50 0
51 0
52 0
53 0
54 1
55 0
56 0
57 0
58 2
59 0
60 0
61 1
62 0
63 0

0 0
1 2
2 0
3 0
4 0
5 0
6 0
7 1
8 2
9 1
10 0
11 2
12 0
13 2
14 2
15 2
16 0
17 2
18 0
19 0
20 2
21 0
22 0
23 2
24 1
25 1
26 0
27 0
28 0
29 0
30 0
31 0
32 0
33 2
34 0
35 0
36 0
37 0
38 0
39 0
40 0
41 0
42 0
43 0
44 1
45 2
46 0
47 0
48 0
49 0
50 0
51 0
52 0
53 0
54 2
55 0
56 0
57 0
58 2
59 0
60 0
61 1
62 0
63 0

0 0
1 3
2 0
3 0
4 0
5 0
6 0
7 1
8 3
9 1
10 0
11 3
12 1
13 2
14 2
15 3
16 0
17 3
18 0
19 0
20 3
21 0
22 0
23 3
24 1
25 1
26 0
27 0
28 0
29 0
30 0
31 0
32 0
33 3
34 0
35 0
36 0
37 0
38 0
39 0
40 0
41 0
42 0
43 0
44 1
45 3
46 0
47 0
48 0
49 0
50 0
51 0
52 0
53 0
54 2
55 1
56 0
57 0
58 3
59 0
60 0
61 2
62 0
63 0

0 0
1 3
2 0
3 0
4 0
5 0
6 0
7 1
8 3
9 2
10 0
11 3
12 1
13 2
14 2
15 3
16 0
17 3
18 0
19 0
20 3
21 0
22 0
23 3
24 1
25 1
26 0
27 0
28 0
29 0
30 0
31 0
32 0
33 3
34 0
35 0
36 0
37 0
38 0
39 0
40 0
41 0
42 0
43 0
44 2
45 3
46 0
47 0
48 0
49 0
50 0
51 0
52 0
53 0
54 2
55 1
56 0
57 0
58 3
59 0
60 0
61 2
62 0
63 0

0 0
1 3
2 0
3 0
4 0
5 0
6 0
7 2
8 3
9 2
10 0
11 3
12 1
13 2
14 2
15 3
16 0
17 3
18 0
19 0
20 3
21 0
22 0
23 3
24 2
25 2
26 0
27 0
28 0
29 0
30 0
31 0
32 0
33 3
34 0
35 0
36 0
37 0
38 0
39 0
40 0
41 0
42 0
43 0
44 2
45 3
46 0
47 0
48 0
49 0
50 0
51 0
52 0
53 0
54 2
55 1
56 0
57 0
58 3
59 0
60 0
61 2
62 0
63 0

0 0
1 3
2 0
3 0
4 0
5 0
6 0
7 2
8 3
9 2
10 0
11 3
12 1
13 2
14 2
15 3
16 0
17 3
18 0
19 0
20 3
21 0
22 1
23 3
24 2
25 2
26 0
27 0
28 0
29 0
30 0
31 0
32 0
33 3
34 0
35 0
36 0
37 0
38 0
39 0
40 0
41 0
42 0
43 0
44 2
45 3
46 0
47 0
48 0
49 0
50 0
51 0
52 0
53 0
54 2
55 1
56 0
57 0
58 3
59 0
60 0
61 2
62 0
63 0

0 0
1 3
2 0
3 0
4 0
5 0
6 0
7 2
8 3
9 2
10 0
11 3
12 2
13 2
14 2
15 3
16 0
17 3
18 0
19 0
20 3
21 0
22 1
23 3
24 2
25 2
26 0
27 0
28 1
29 0
30 0
31 0
32 0
33 3
34 0
35 1
36 0
37 0
38 0
39 0
40 0
41 0
42 0
43 0
44 2
45 3
46 0
47 0
48 0
49 0
50 0
51 0
52 0
53 0
54 2
55 2
56 0
57 0
58 3
59 0
60 0
61 2
62 0
63 0

0 0
1 3
2 0
3 0
4 0
5 0
6 0
7 2
8 3
9 2
10 0
11 3
12 2
13 2
14 2
15 3
16 0
17 3
18 0
19 0
20 3
21 0
22 1
23 3
24 2
25 2
26 0
27 0
28 1
29 0
30 0
31 0
32 0
33 3
34 0
35 1
36 0
37 0
38 0
39 0
40 0
41 0
42 0
43 0
44 2
45 3
46 0
47 0
48 0
49 0
50 0
51 0
52 0
53 0
54 2
55 2
56 0
57 0
58 3
59 0
60 0
61 2
62 0
63 0

0 0
1 3
2 0
3 0
4 0
5 0
6 0
7 2
8 3
9 2
10 0
11 3
12 2
13 3
14 3
15 3
16 0
17 3
18 0
19 0
20 3
21 0
22 1
23 3
24 2
25 2
26 0
27 0
28 1
29 0
30 0
31 0
32 0
33 3
34 0
35 1
36 0
37 0
38 0
39 0
40 0
41 0
42 0
43 0
44 2
45 3
46 0
47 0
48 0
49 0
50 0
51 0
52 0
53 0
54 3
55 2
56 0
57 0
58 3
59 0
60 1
61 2
62 0
63 0

0 0
1 3
2 0
3 0
4 0
5 0
6 0
7 2
8 3
9 2
10 0
11 3
12 2
13 3
14 3
15 3
16 0
17 3
18 0
19 0
20 3
21 0
22 2
23 3
24 2
25 2
26 0
27 0
28 1
29 0
30 0
31 0
32 0
33 3
34 0
35 1
36 0
37 0
38 0
39 0
40 0
41 0
42 0
43 0
44 2
45 3
46 0
47 0
48 0
49 0
50 0
51 0
52 0
53 0
54 3
55 2
56 0
57 0
58 3
59 0
60 1
61 3
62 0
63 0

0 0
1 3
2 0
3 0
4 0
5 0
6 0
7 2
8 3
9 3
10 0
11 3
12 2
13 3
14 3
15 3
16 0
17 3
18 0
19 0
20 3
21 0
22 2
23 3
24 2
25 2
26 0
27 0
28 2
29 0
30 0
31 0
32 0
33 3
34 0
35 2
36 0
37 0
38 0
39 0
40 0
41 0
42 0
43 0
44 3
45 3
46 0
47 0
48 0
49 0
50 0
51 0
52 0
53 0
54 3
55 2
56 0
57 0
58 3
59 0
60 1
61 3
62 0
63 0

0 0
1 3
2 0
3 0
4 0
5 0
6 0
7 3
8 3
9 3
10 0
11 3
12 2
13 3
14 3
15 3
16 0
17 3
18 0
19 0
20 3
21 0
22 2
23 3
24 3
25 3
26 0
27 0
28 2
29 0
30 0
31 0
32 0
33 3
34 0
35 2
36 0
37 0
38 0
39 0
40 0
41 0
42 0
43 0
44 3
45 3
46 0
47 0
48 0
49 0
50 0
51 0
52 0
53 0
54 3
55 2
56 0
57 1
58 3
59 0
60 1
61 3
62 0
63 0

0 0
1 3
2 0
3 0
4 0
5 0
6 0
7 3
8 3
9 3
10 0
11 3
12 2
13 3
14 3
15 3
16 0
17 3
18 0
19 0
20 3
21 0
22 2
23 3
24 3
25 3
26 0
27 0
28 2
29 0
30 0
31 0
32 0
33 3
34 0
35 2
36 0
37 0
38 0
39 0
40 0
41 0
42 0
43 0
44 3
45 3
46 0
47 0
48 0
49 0
50 0
51 0
52 0
53 0
54 3
55 2
56 0
57 1
58 3
59 0
60 2
61 3
62 0
63 1

0 0
1 3
2 0
3 0
4 0
5 0
6 0
7 3
8 3
9 3
10 0
11 3
12 3
13 3
14 3
15 3
16 0
17 3
18 0
19 0
20 3
21 0
22 2
23 3
24 3
25 3
26 0
27 0
28 2
29 0
30 0
31 0
32 0
33 3
34 0
35 2
36 0
37 0
38 0
39 0
40 0
41 0
42 1
43 0
44 3
45 3
46 0
47 0
48 0
49 0
50 0
51 0
52 0
53 0
54 3
55 3
56 0
57 1
58 3
59 0
60 2
61 3
62 0
63 1

0 0
1 3
2 0
3 0
4 0
5 0
6 0
7 3
8 3
9 3
10 0
11 3
12 3
13 3
14 3
15 3
16 0
17 3
18 0
19 0
20 3
21 0
22 2
23 3
24 3
25 3
26 0
27 0
28 2
29 0
30 0
31 0
32 0
33 3
34 0
35 2
36 0
37 0
38 0
39 0
40 0
41 0
42 1
43 0
44 3
45 3
46 0
47 0
48 0
49 0
50 0
51 0
52 0
53 0
54 3
55 3
56 0
57 1
58 3
59 0
60 2
61 3
62 0
63 1

0 0
1 3
2 0
3 0
4 0
5 0
6 0
7 3
8 3
9 3
10 0
11 3
12 3
13 3
14 3
15 3
16 0
17 3
18 0
19 0
20 3
21 0
22 2
23 3
24 3
25 3
26 0
27 1
28 2
29 0
30 0
31 0
32 1
33 3
34 0
35 2
36 0
37 0
38 0
39 0
40 0
41 0
42 1
43 0
44 3
45 3
46 0
47 0
48 0
49 0
50 0
51 0
52 0
53 0
54 3
55 3
56 0
57 2
58 3
59 0
60 2
61 3
62 0
63 1

0 0
1 3
2 0
3 0
4 0
5 0
6 0
7 3
8 3
9 3
10 0
11 3
12 3
13 3
14 3
15 3
16 0
17 3
18 0
19 0
20 3
21 0
22 3
23 3
24 3
25 3
26 0
27 1
28 2
29 0
30 0
31 0
32 1
33 3
34 0
35 2
36 0
37 0
38 0
39 0
40 0
41 0
42 1
43 0
44 3
45 3
46 0
47 0
48 0
49 0
50 0
51 0
52 0
53 0
54 3
55 3
56 0
57 2
58 3
59 0
60 2
61 3
62 0
63 2

0 0
1 3
2 0
3 0
4 0
5 0
6 0
7 3
8 3
9 3
10 0
11 3
12 3
13 3
14 3
15 3
16 0
17 3
18 0
19 0
20 3
21 0
22 3
23 3
24 3
25 3
26 0
27 1
28 3
29 0
30 0
31 0
32 1
33 3
34 0
35 3
36 0
37 0
38 0
39 0
40 0
41 0
42 2
43 0
44 3
45 3
46 0
47 0
48 0
49 0
50 0
51 0
52 0
53 0
54 3
55 3
56 0
57 2
58 3
59 0
60 2
61 3
62 1
63 2

0 0
1 3
2 0
3 0
4 0
5 0
6 0
7 3
8 3
9 3
10 0
11 3
12 3
13 3
14 3
15 3
16 0
17 3
18 0
19 0
20 3
21 0
22 3
23 3
24 3
25 3
26 0
27 1
28 3
29 0
30 0
31 0
32 1
33 3
34 0
35 3
36 0
37 0
38 0
39 0
40 0
41 0
42 2
43 0
44 3
45 3
46 0
47 0
48 0
49 0
50 0
51 0
52 0
53 0
54 3
55 3
56 0
57 2
58 3
59 0
60 2
61 3
62 1
63 2

0 0
1 3
2 0
3 0
4 0
5 0
6 0
7 3
8 3
9 3
10 0
11 3
12 3
13 3
14 3
15 3
16 0
17 3
18 0
19 0
20 3
21 0
22 3
23 3
24 3
25 3
26 0
27 2
28 3
29 0
30 0
31 0
32 2
33 3
34 0
35 3
36 0
37 0
38 0
39 0
40 0
41 0
42 2
43 0
44 3
45 3
46 0
47 0
48 0
49 0
50 0
51 0
52 0
53 0
54 3
55 3
56 0
57 2
58 3
59 0
60 3
61 3
62 1
63 2

0 0
1 3
2 0
3 0
4 0
5 0
6 0
7 3
8 3
9 3
10 0
11 3
12 3
13 3
14 3
15 3
16 0
17 3
18 0
19 0
20 3
21 0
22 3
23 3
24 3
25 3
26 0
27 2
28 3
29 0
30 0
31 0
32 2
33 3
34 0
35 3
36 0
37 0
38 1
39 0
40 0
41 0
42 2
43 0
44 3
45 3
46 0
47 0
48 0
49 0
50 0
51 0
52 0
53 0
54 3
55 3
56 1
57 2
58 3
59 0
60 3
61 3
62 1
63 2

0 0
1 3
2 0
3 0
4 0
5 0
6 0
7 3
8 3
9 3
10 0
11 3
12 3
13 3
14 3
15 3
16 0
17 3
18 0
19 0
20 3
21 0
22 3
23 3
24 3
25 3
26 0
27 2
28 3
29 0
30 1
31 0
32 2
33 3
34 0
35 3
36 0
37 0
38 1
39 0
40 0
41 0
42 2
43 0
44 3
45 3
46 0
47 0
48 0
49 0
50 0
51 0
52 0
53 0
54 3
55 3
56 1
57 2
58 3
59 1
60 3
61 3
62 2
63 2

0 0
1 3
2 0
3 0
4 0
5 0
6 0
7 3
8 3
9 3
10 0
11 3
12 3
13 3
14 3
15 3
16 0
17 3
18 0
19 0
20 3
21 0
22 3
23 3
24 3
25 3
26 0
27 2
28 3
29 0
30 1
31 0
32 2
33 3
34 0
35 3
36 0
37 0
38 1
39 0
40 0
41 0
42 2
43 0
44 3
45 3
46 0
47 0
48 0
49 0
50 0
51 0
52 0
53 0
54 3
55 3
56 1
57 3
58 3
59 1
60 3
61 3
62 2
63 2

0 0
1 3
2 0
3 0
4 0
5 0
6 0
7 3
8 3
9 3
10 0
11 3
12 3
13 3
14 3
15 3
16 0
17 3
18 0
19 0
20 3
21 0
22 3
23 3
24 3
25 3
26 0
27 2
28 3
29 0
30 1
31 0
32 2
33 3
34 0
35 3
36 0
37 0
38 1
39 0
40 0
41 0
42 2
43 0
44 3
45 3
46 0
47 0
48 0
49 0
50 0
51 0
52 0
53 0
54 3
55 3
56 1
57 3
58 3
59 1
60 3
61 3
62 2
63 3

0 0
1 3
2 0
3 0
4 0
5 0
6 0
7 3
8 3
9 3
10 0
11 3
12 3
13 3
14 3
15 3
16 0
17 3
18 0
19 0
20 3
21 0
22 3
23 3
24 3
25 3
26 0
27 2
28 3
29 0
30 1
31 0
32 2
33 3
34 0
35 3
36 0
37 0
38 2
39 0
40 0
41 0
42 3
43 0
44 3
45 3
46 0
47 0
48 0
49 0
50 0
51 0
52 0
53 0
54 3
55 3
56 2
57 3
58 3
59 1
60 3
61 3
62 2
63 3

0 0
1 3
2 0
3 0
4 0
5 0
6 0
7 3
8 3
9 3
10 0
11 3
12 3
13 3
14 3
15 3
16 0
17 3
18 0
19 0
20 3
21 0
22 3
23 3
24 3
25 3
26 0
27 2
28 3
29 0
30 2
31 0
32 2
33 3
34 0
35 3
36 0
37 0
38 2
39 0
40 0
41 0
42 3
43 0
44 3
45 3
46 0
47 0
48 0
49 0
50 0
51 0
52 0
53 0
54 3
55 3
56 2
57 3
58 3
59 2
60 3
61 3
62 2
63 3

0 0
1 3
2 0
3 0
4 0
5 0
6 0
7 3
8 3
9 3
10 0
11 3
12 3
13 3
14 3
15 3
16 0
17 3
18 0
19 0
20 3
21 0
22 3
23 3
24 3
25 3
26 0
27 3
28 3
29 0
30 2
31 0
32 3
33 3
34 0
35 3
36 0
37 0
38 2
39 0
40 0
41 0
42 3
43 0
44 3
45 3
46 0
47 0
48 0
49 0
50 0
51 0
52 0
53 0
54 3
55 3
56 2
57 3
58 3
59 2
60 3
61 3
62 2
63 3

0 0
1 3
2 0
3 0
4 0
5 0
6 0
7 3
8 3
9 3
10 0
11 3
12 3
13 3
14 3
15 3
16 0
17 3
18 0
19 0
20 3
21 0
22 3
23 3
24 3
25 3
26 0
27 3
28 3
29 0
30 2
31 0
32 3
33 3
34 0
35 3
36 0
37 0
38 2
39 0
40 0
41 0
42 3
43 0
44 3
45 3
46 0
47 0
48 0
49 0
50 0
51 0
52 0
53 0
54 3
55 3
56 2
57 3
58 3
59 2
60 3
61 3
62 2
63 3

0 0
1 3
2 0
3 0
4 0
5 0
6 0
7 3
8 3
9 3
10 0
11 3
12 3
13 3
14 3
15 3
16 0
17 3
18 0
19 0
20 3
21 0
22 3
23 3
24 3
25 3
26 0
27 3
28 3
29 0
30 2
31 0
32 3
33 3
34 0
35 3
36 0
37 0
38 2
39 0
40 0
41 0
42 3
43 0
44 3
45 3
46 0
47 0
48 0
49 0
50 0
51 0
52 0
53 0
54 3
55 3
56 2
57 3
58 3
59 2
60 3
61 3
62 3
63 3

0 0
1 3
2 0
3 0
4 0
5 0
6 0
7 3
8 3
9 3
10 0
11 3
12 3
13 3
14 3
15 3
16 0
17 3
18 0
19 0
20 3
21 0
22 3
23 3
24 3
25 3
26 1
27 3
28 3
29 0
30 2
31 0
32 3
33 3
34 0
35 3
36 0
37 0
38 2
39 0
40 0
41 0
42 3
43 0
44 3
45 3
46 0
47 0
48 0
49 0
50 0
51 0
52 0
53 0
54 3
55 3
56 2
57 3
58 3
59 2
60 3
61 3
62 3
63 3

0 0
1 3
2 0
3 0
4 0
5 0
6 0
7 3
8 3
9 3
10 0
11 3
12 3
13 3
14 3
15 3
16 0
17 3
18 0
19 0
20 3
21 0
22 3
23 3
24 3
25 3
26 1
27 3
28 3
29 0
30 2
31 0
32 3
33 3
34 0
35 3
36 1
37 0
38 2
39 0
40 0
41 0
42 3
43 0
44 3
45 3
46 0
47 0
48 0
49 0
50 0
51 0
52 0
53 0
54 3
55 3
56 2
57 3
58 3
59 2
60 3
61 3
62 3
63 3

0 0
1 3
2 0
3 0
4 0
5 0
6 0
7 3
8 3
9 3
10 0
11 3
12 3
13 3
14 3
15 3
16 0
17 3
18 0
19 0
20 3
21 0
22 3
23 3
24 3
25 3
26 1
27 3
28 3
29 0
30 2
31 1
32 3
33 3
34 0
35 3
36 1
37 0
38 3
39 0
40 0
41 0
42 3
43 0
44 3
45 3
46 0
47 0
48 0
49 0
50 0
51 0
52 0
53 0
54 3
55 3
56 3
57 3
58 3
59 2
60 3
61 3
62 3
63 3

0 0
1 3
2 0
3 0
4 0
5 0
6 0
7 3
8 3
9 3
10 0
11 3
12 3
13 3
14 3
15 3
16 0
17 3
18 0
19 0
20 3
21 0
22 3
23 3
24 3
25 3
26 1
27 3
28 3
29 0
30 3
31 1
32 3
33 3
34 0
35 3
36 1
37 0
38 3
39 0
40 0
41 0
42 3
43 0
44 3
45 3
46 0
47 0
48 0
49 0
50 0
51 0
52 0
53 0
54 3
55 3
56 3
57 3
58 3
59 3
60 3
61 3
62 3
63 3

0 0
1 3
2 0
3 0
4 0
5 0
6 0
7 3
8 3
9 3
10 0
11 3
12 3
13 3
14 3
15 3
16 0
17 3
18 0
19 0
20 3
21 0
22 3
23 3
24 3
25 3
26 2
27 3
28 3
29 0
30 3
31 1
32 3
33 3
34 0
35 3
36 1
37 0
38 3
39 0
40 0
41 0
42 3
43 0
44 3
45 3
46 0
47 0
48 0
49 0
50 0
51 0
52 0
53 0
54 3
55 3
56 3
57 3
58 3
59 3
60 3
61 3
62 3
63 3

0 0
1 3
2 0
3 0
4 0
5 0
6 0
7 3
8 3
9 3
10 0
11 3
12 3
13 3
14 3
15 3
16 0
17 3
18 0
19 0
20 3
21 0
22 3
23 3
24 3
25 3
26 2
27 3
28 3
29 0
30 3
31 1
32 3
33 3
34 0
35 3
36 2
37 0
38 3
39 0
40 0
41 0
42 3
43 0
44 3
45 3
46 0
47 0
48 0
49 0
50 0
51 0
52 0
53 0
54 3
55 3
56 3
57 3
58 3
59 3
60 3
61 3
62 3
63 3

0 0
1 3
2 0
3 0
4 0
5 0
6 0
7 3
8 3
9 3
10 0
11 3
12 3
13 3
14 3
15 3
16 0
17 3
18 0
19 0
20 3
21 0
22 3
23 3
24 3
25 3
26 2
27 3
28 3
29 0
30 3
31 2
32 3
33 3
34 0
35 3
36 2
37 0
38 3
39 0
40 0
41 0
42 3
43 0
44 3
45 3
46 0
47 0
48 0
49 0
50 0
51 0
52 0
53 0
54 3
55 3
56 3
57 3
58 3
59 3
60 3
61 3
62 3
63 3

0 0
1 3
2 0
3 0
4 0
5 0
6 0
7 3
8 3
9 3
10 0
11 3
12 3
13 3
14 3
15 3
16 0
17 3
18 0
19 0
20 3
21 0
22 3
23 3
24 3
25 3
26 2
27 3
28 3
29 0
30 3
31 2
32 3
33 3
34 0
35 3
36 2
37 0
38 3
39 0
40 0
41 0
42 3
43 0
44 3
45 3
46 0
47 0
48 0
49 0
50 0
51 0
52 0
53 0
54 3
55 3
56 3
57 3
58 3
59 3
60 3
61 3
62 3
63 3

0 0
1 3
2 0
3 0
4 0
5 0
6 0
7 3
8 3
9 3
10 0
11 3
12 3
13 3
14 3
15 3
16 0
17 3
18 0
19 0
20 3
21 0
22 3
23 3
24 3
25 3
26 2
27 3
28 3
29 0
30 3
31 2
32 3
33 3
34 0
35 3
36 2
37 0
38 3
39 0
40 0
41 0
42 3
43 0
44 3
45 3
46 0
47 0
48 0
49 0
50 0
51 0
52 0
53 0
54 3
55 3
56 3
57 3
58 3
59 3
60 3
61 3
62 3
63 3

0 0
1 3
2 0
3 0
4 0
5 0
6 0
7 3
8 3
9 3
10 0
11 3
12 3
13 3
14 3
15 3
16 0
17 3
18 0
19 0
20 3
21 0
22 3
23 3
24 3
25 3
26 2
27 3
28 3
29 0
30 3
31 2
32 3
33 3
34 0
35 3
36 2
37 0
38 3
39 0
40 0
41 0
42 3
43 0
44 3
45 3
46 0
47 0
48 0
49 0
50 0
51 0
52 0
53 0
54 3
55 3
56 3
57 3
58 3
59 3
60 3
61 3
62 3
63 3

0 0
1 3
2 0
3 0
4 0
5 0
6 0
7 3
8 3
9 3
10 0
11 3
12 3
13 3
14 3
15 3
16 0
17 3
18 0
19 0
20 3
21 0
22 3
23 3
24 3
25 3
26 2
27 3
28 3
29 0
30 3
31 2
32 3
33 3
34 0
35 3
36 2
37 0
38 3
39 0
40 0
41 0
42 3
43 0
44 3
45 3
46 0
47 0
48 0
49 0
50 0
51 0
52 0
53 0
54 3
55 3
56 3
57 3
58 3
59 3
60 3
61 3
62 3
63 3

0 0
1 3
2 0
3 0
4 0
5 0
6 0
7 3
8 3
9 3
10 0
11 3
12 3
13 3
14 3
15 3
16 0
17 3
18 0
19 0
20 3
21 0
22 3
23 3
24 3
25 3
26 3
27 3
28 3
29 0
30 3
31 2
32 3
33 3
34 0
35 3
36 2
37 0
38 3
39 0
40 0
41 0
42 3
43 0
44 3
45 3
46 0
47 0
48 0
49 0
50 0
51 0
52 0
53 0
54 3
55 3
56 3
57 3
58 3
59 3
60 3
61 3
62 3
63 3

0 0
1 3
2 0
3 0
4 0
5 0
6 0
7 3
8 3
9 3
10 0
11 3
12 3
13 3
14 3
15 3
16 0
17 3
18 0
19 0
20 3
21 0
22 3
23 3
24 3
25 3
26 3
27 3
28 3
29 0
30 3
31 2
32 3
33 3
34 0
35 3
36 3
37 0
38 3
39 0
40 0
41 0
42 3
43 0
44 3
45 3
46 0
47 0
48 0
49 0
50 0
51 0
52 0
53 0
54 3
55 3
56 3
57 3
58 3
59 3
60 3
61 3
62 3
63 3

0 0
1 3
2 0
3 0
4 0
5 0
6 0
7 3
8 3
9 3
10 0
11 3
12 3
13 3
14 3
15 3
16 0
17 3
18 0
19 0
20 3
21 0
22 3
23 3
24 3
25 3
26 3
27 3
28 3
29 0
30 3
31 3
32 3
33 3
34 0
35 3
36 3
37 0
38 3
39 0
40 0
41 0
42 3
43 0
44 3
45 3
46 0
47 0
48 0
49 0
50 0
51 0
52 0
53 0
54 3
55 3
56 3
57 3
58 3
59 3
60 3
61 3
62 3
63 3

end
